-1.219116841866366929e+00
-7.446748772895235291e-01
4.244458914632193158e-01
-4.192736295918655931e-01
1.268049031182817421e-01
-3.698825248420593015e-01
-1.807536412398093872e-01
-1.544096156582047130e-01
1.344206274439183751e-02
1.823022696268421783e-01
-1.115561856987397349e-01
-2.274893475981849267e-01
1.250807676893530562e-01
2.949825531748727706e-02
-1.385094112370970909e-01
-2.992151930502140456e-01
2.820648388273196416e-01
-3.040525001546497408e-01
3.135116850547217671e-01
2.785136325994072015e-01
1.254925731485054263e-01
-6.128971298341701068e-02
-9.478983461781988196e-02
-2.638632183311690263e-02
-2.414160526911121596e-02
