5.100796999999999970e-02 1.608616400000000002e-01 0.000000000000000000e+00
-7.480742500000000517e-01 8.904024000000000660e-02 0.000000000000000000e+00
-7.729337099999999960e-01 2.631716800000000189e-01 0.000000000000000000e+00
2.183736000000000010e-01 1.270614200000000082e-01 0.000000000000000000e+00
3.726833600000000191e-01 4.965620000000000034e-01 0.000000000000000000e+00
-6.293154399999999482e-01 6.320215900000000220e-01 0.000000000000000000e+00
-4.330716700000000197e-01 1.447916599999999887e-01 0.000000000000000000e+00
-8.415196999999999816e-01 -1.913131600000000099e-01 0.000000000000000000e+00
4.752564799999999812e-01 2.248367099999999952e-01 0.000000000000000000e+00
3.208297600000000194e-01 3.272128799999999837e-01 0.000000000000000000e+00
3.206125300000000067e-01 3.340754699999999855e-01 0.000000000000000000e+00
-8.907747200000000198e-01 4.116878299999999768e-01 0.000000000000000000e+00
1.785011900000000040e-01 4.469135900000000272e-01 0.000000000000000000e+00
3.155800200000000166e-01 3.885338300000000245e-01 0.000000000000000000e+00
5.577722400000000302e-01 4.727274799999999777e-01 0.000000000000000000e+00
3.191876999999999909e-02 1.222963999999999996e-02 0.000000000000000000e+00
2.509058499999999858e-01 3.071670499999999970e-01 0.000000000000000000e+00
2.357154700000000103e-01 2.249383699999999986e-01 0.000000000000000000e+00
-7.236202999999999386e-02 3.337652400000000186e-01 0.000000000000000000e+00
5.044024099999999677e-01 8.054579000000000599e-02 0.000000000000000000e+00
-6.322335100000000541e-01 4.455245800000000034e-01 0.000000000000000000e+00
-7.678465599999999558e-01 2.361468899999999982e-01 0.000000000000000000e+00
-7.001755699999999694e-01 2.103884799999999888e-01 0.000000000000000000e+00
-6.471349100000000076e-01 1.592136600000000068e-01 0.000000000000000000e+00
-7.673924800000000435e-01 9.259037999999999990e-02 0.000000000000000000e+00
-5.178873400000000293e-01 3.288106999999999835e-02 0.000000000000000000e+00
1.751664400000000066e-01 3.453487100000000032e-01 0.000000000000000000e+00
-6.803118999999999694e-01 4.761215599999999992e-01 0.000000000000000000e+00
1.595198999999999923e-02 3.216752600000000184e-01 0.000000000000000000e+00
-7.148107799999999790e-01 5.142144300000000001e-01 0.000000000000000000e+00
7.837945999999999802e-02 3.228498100000000148e-01 0.000000000000000000e+00
-8.087225099999999500e-01 4.703659299999999877e-01 0.000000000000000000e+00
-8.421123400000000148e-01 9.294231999999999494e-02 0.000000000000000000e+00
-9.859157699999999691e-01 4.830926700000000018e-01 0.000000000000000000e+00
2.910408099999999831e-01 3.427596700000000163e-01 0.000000000000000000e+00
2.432154099999999930e-01 5.148829499999999504e-01 0.000000000000000000e+00
-6.010441899999999782e-01 5.060115999999999920e-02 0.000000000000000000e+00
-1.246524509999999974e+00 4.592316499999999913e-01 0.000000000000000000e+00
-8.276901599999999526e-01 3.618745999999999907e-01 0.000000000000000000e+00
-6.211730100000000254e-01 -1.091215799999999958e-01 0.000000000000000000e+00
-7.058410499999999699e-01 6.590766200000000019e-01 0.000000000000000000e+00
6.718867000000000589e-02 6.057485000000000230e-01 0.000000000000000000e+00
3.050514699999999912e-01 4.741797300000000215e-01 0.000000000000000000e+00
6.078813800000000267e-01 3.936158799999999736e-01 0.000000000000000000e+00
-7.893748299999999718e-01 1.759167500000000106e-01 0.000000000000000000e+00
-5.312320900000000456e-01 4.265280900000000264e-01 0.000000000000000000e+00
2.520207099999999811e-01 1.702970699999999948e-01 0.000000000000000000e+00
-5.788035700000000450e-01 2.655366499999999852e-01 0.000000000000000000e+00
-8.317674900000000537e-01 5.444737699999999681e-01 0.000000000000000000e+00
-6.985916399999999582e-01 3.856685100000000199e-01 0.000000000000000000e+00
-7.364260700000000437e-01 1.185752699999999965e-01 0.000000000000000000e+00
-9.349619500000000416e-01 1.137070699999999934e-01 0.000000000000000000e+00
4.395930900000000197e-01 4.143063799999999741e-01 0.000000000000000000e+00
-5.469085399999999986e-01 2.495627599999999946e-01 0.000000000000000000e+00
-8.405550000000000521e-02 3.652105800000000069e-01 0.000000000000000000e+00
3.221145799999999837e-01 6.908710500000000421e-01 0.000000000000000000e+00
1.076473899999999956e-01 5.794693199999999544e-01 0.000000000000000000e+00
-7.186403000000000096e-01 2.564575700000000236e-01 0.000000000000000000e+00
-8.787775199999999787e-01 4.506475699999999973e-01 0.000000000000000000e+00
-6.984604599999999497e-01 9.505386999999999587e-01 0.000000000000000000e+00
3.975743400000000261e-01 1.181020700000000034e-01 0.000000000000000000e+00
-5.045135400000000381e-01 5.719637600000000432e-01 0.000000000000000000e+00
2.502362200000000092e-01 3.978388900000000006e-01 0.000000000000000000e+00
6.170915599999999834e-01 1.018580800000000036e-01 0.000000000000000000e+00
3.183286000000000171e-01 8.790562000000000376e-02 0.000000000000000000e+00
-5.745336300000000174e-01 1.862419499999999895e-01 0.000000000000000000e+00
9.761865000000000125e-02 5.517678599999999989e-01 0.000000000000000000e+00
4.844933900000000238e-01 3.537297300000000200e-01 0.000000000000000000e+00
5.240068399999999738e-01 4.661685099999999804e-01 0.000000000000000000e+00
-7.813846300000000245e-01 -7.534712999999999827e-02 0.000000000000000000e+00
-4.970459099999999797e-01 5.994807699999999961e-01 0.000000000000000000e+00
-9.698452499999999921e-01 4.662492699999999934e-01 0.000000000000000000e+00
4.354140699999999864e-01 1.219238599999999950e-01 0.000000000000000000e+00
-6.794246200000000346e-01 3.075394200000000078e-01 0.000000000000000000e+00
-6.252903600000000450e-01 7.099046000000000523e-02 0.000000000000000000e+00
-2.318115999999999927e-02 4.044260100000000024e-01 0.000000000000000000e+00
2.320014099999999913e-01 7.106684599999999463e-01 0.000000000000000000e+00
9.384354000000000307e-02 4.667439600000000133e-01 0.000000000000000000e+00
1.423430099999999920e-01 1.789871100000000048e-01 0.000000000000000000e+00
-6.168635700000000277e-01 2.550776299999999996e-01 0.000000000000000000e+00
2.363628799999999974e-01 5.154383900000000240e-01 0.000000000000000000e+00
3.891417699999999980e-01 4.042956799999999906e-01 0.000000000000000000e+00
-9.517867800000000544e-01 -3.772239000000000148e-02 0.000000000000000000e+00
2.408782200000000040e-01 7.194888999999999868e-01 0.000000000000000000e+00
1.244626600000000027e-01 4.517884899999999870e-01 0.000000000000000000e+00
-6.056643000000000443e-01 2.690647800000000034e-01 0.000000000000000000e+00
-7.139718800000000032e-01 3.087177999999999867e-01 0.000000000000000000e+00
3.100842799999999899e-01 3.467533500000000157e-01 0.000000000000000000e+00
1.801878600000000052e-01 4.620464300000000080e-01 0.000000000000000000e+00
-4.266388500000000139e-01 6.472322499999999534e-01 0.000000000000000000e+00
6.143230000000000218e-02 3.249115000000000197e-01 0.000000000000000000e+00
7.736951999999999718e-02 3.218328699999999931e-01 0.000000000000000000e+00
4.281497000000000219e-01 1.344595700000000005e-01 0.000000000000000000e+00
-8.025075299999999690e-01 6.687899899999999453e-01 0.000000000000000000e+00
4.014262299999999950e-01 4.251639799999999969e-01 0.000000000000000000e+00
3.708477600000000263e-01 2.640712299999999901e-01 0.000000000000000000e+00
-8.077474799999999622e-01 4.148589899999999830e-01 0.000000000000000000e+00
5.016358499999999943e-01 2.393485599999999880e-01 0.000000000000000000e+00
5.823832300000000295e-01 2.284274099999999974e-01 0.000000000000000000e+00
-5.913610000000000255e-01 3.023032099999999889e-01 0.000000000000000000e+00
-8.703723599999999561e-01 2.694144600000000223e-01 0.000000000000000000e+00
-7.208676499999999709e-01 1.967667800000000022e-01 0.000000000000000000e+00
2.777844300000000266e-01 2.179225300000000032e-01 0.000000000000000000e+00
3.324081300000000239e-01 2.734986500000000098e-01 0.000000000000000000e+00
-1.409206799999999926e-01 3.924735100000000254e-01 0.000000000000000000e+00
-5.975951800000000036e-01 1.479026700000000139e-01 0.000000000000000000e+00
-8.558153400000000355e-01 1.451396100000000022e-01 0.000000000000000000e+00
-8.891223200000000215e-01 2.689600100000000271e-01 0.000000000000000000e+00
2.134568000000000021e-01 4.361175600000000152e-01 0.000000000000000000e+00
-5.346794900000000350e-01 5.790122899999999850e-01 0.000000000000000000e+00
3.168684800000000079e-01 3.970585600000000048e-01 0.000000000000000000e+00
-6.812173299999999543e-01 4.209840000000000110e-02 0.000000000000000000e+00
-9.758612700000000029e-01 4.596481099999999986e-01 0.000000000000000000e+00
4.145718299999999745e-01 2.714122999999999952e-01 0.000000000000000000e+00
3.275129199999999852e-01 3.678013700000000163e-01 0.000000000000000000e+00
-9.320919199999999627e-01 9.362033999999999634e-02 0.000000000000000000e+00
5.839534100000000061e-01 4.714728200000000147e-01 0.000000000000000000e+00
-4.443730900000000261e-01 2.301014200000000010e-01 0.000000000000000000e+00
2.910944100000000256e-01 1.936555600000000044e-01 0.000000000000000000e+00
-5.108072200000000063e-01 4.149600299999999797e-01 0.000000000000000000e+00
-9.659751100000000257e-01 1.793105200000000010e-01 0.000000000000000000e+00
1.874131500000000006e-01 2.974713199999999835e-01 0.000000000000000000e+00
1.796541700000000019e-01 4.517544900000000085e-01 0.000000000000000000e+00
-7.268960199999999761e-01 3.572838700000000034e-01 0.000000000000000000e+00
-5.433987700000000309e-01 4.101201300000000272e-01 0.000000000000000000e+00
-5.982339300000000248e-01 9.870142499999999819e-01 1.000000000000000000e+00
-2.019473599999999924e-01 6.210168000000000355e-01 1.000000000000000000e+00
4.714610300000000032e-01 4.822114599999999807e-01 1.000000000000000000e+00
-9.821987000000000079e-02 5.875557700000000327e-01 1.000000000000000000e+00
-3.565765799999999763e-01 6.370970500000000536e-01 1.000000000000000000e+00
6.388139200000000351e-01 4.211213500000000054e-01 1.000000000000000000e+00
6.298061400000000143e-01 2.814608499999999847e-01 1.000000000000000000e+00
-4.622328600000000232e-01 6.166103099999999948e-01 1.000000000000000000e+00
-7.331554999999999322e-02 5.582173599999999958e-01 1.000000000000000000e+00
-5.540553299999999570e-01 5.125312899999999727e-01 1.000000000000000000e+00
-4.376177299999999826e-01 8.781178099999999986e-01 1.000000000000000000e+00
-2.223781400000000019e-01 8.885077300000000511e-01 1.000000000000000000e+00
9.346161999999999526e-02 6.731049399999999849e-01 1.000000000000000000e+00
5.317474500000000104e-01 5.437265000000000015e-01 1.000000000000000000e+00
4.020753899999999770e-01 5.163846199999999609e-01 1.000000000000000000e+00
4.755517100000000164e-01 6.505633600000000349e-01 1.000000000000000000e+00
-2.338326599999999977e-01 6.364258000000000415e-01 1.000000000000000000e+00
-3.157931600000000172e-01 7.503134000000000192e-01 1.000000000000000000e+00
-4.735172000000000270e-01 6.385412499999999492e-01 1.000000000000000000e+00
5.923946399999999723e-01 8.925695300000000554e-01 1.000000000000000000e+00
-2.260532399999999886e-01 7.978945400000000410e-01 1.000000000000000000e+00
-4.399501100000000053e-01 5.209925600000000490e-01 1.000000000000000000e+00
-5.464504399999999817e-01 7.457719800000000010e-01 1.000000000000000000e+00
4.640430600000000072e-01 5.106515200000000254e-01 1.000000000000000000e+00
-1.519429599999999880e-01 8.121843899999999783e-01 1.000000000000000000e+00
4.853639499999999884e-01 8.201809300000000302e-01 1.000000000000000000e+00
3.472564899999999732e-01 7.081377300000000208e-01 1.000000000000000000e+00
4.389701500000000034e-01 6.281715799999999517e-01 1.000000000000000000e+00
-2.141591399999999978e-01 6.436395099999999703e-01 1.000000000000000000e+00
5.738023100000000376e-01 6.371346599999999638e-01 1.000000000000000000e+00
3.871736100000000014e-01 5.857839500000000532e-01 1.000000000000000000e+00
3.203832200000000241e-01 5.352912699999999857e-01 1.000000000000000000e+00
-2.078149099999999916e-01 6.513246700000000500e-01 1.000000000000000000e+00
-1.865128299999999906e-01 8.175481599999999682e-01 1.000000000000000000e+00
2.475269200000000114e-01 3.908193600000000045e-01 1.000000000000000000e+00
6.604988099999999918e-01 8.991921299999999784e-01 1.000000000000000000e+00
-2.865880100000000041e-01 7.337594600000000300e-01 1.000000000000000000e+00
-3.258808000000000260e-01 3.986550899999999897e-01 1.000000000000000000e+00
-2.520456500000000100e-01 6.735832600000000170e-01 1.000000000000000000e+00
3.725902200000000275e-01 4.978590399999999749e-01 1.000000000000000000e+00
-2.909656400000000254e-01 1.043720600000000109e+00 1.000000000000000000e+00
-3.046980699999999875e-01 8.685829200000000361e-01 1.000000000000000000e+00
-2.138997800000000116e-01 1.093178109999999981e+00 1.000000000000000000e+00
-3.683001499999999928e-01 7.563954600000000195e-01 1.000000000000000000e+00
-4.692821799999999932e-01 8.877509099999999487e-01 1.000000000000000000e+00
3.935014600000000251e-01 7.797519699999999609e-01 1.000000000000000000e+00
-4.563996599999999848e-01 8.052345400000000541e-01 1.000000000000000000e+00
5.112824200000000152e-01 7.660613600000000245e-01 1.000000000000000000e+00
2.255046800000000129e-01 4.645121500000000125e-01 1.000000000000000000e+00
1.462983999999999986e-02 4.019092599999999904e-01 1.000000000000000000e+00
-1.917278500000000052e-01 8.094331299999999452e-01 1.000000000000000000e+00
3.832347899999999918e-01 7.560174400000000405e-01 1.000000000000000000e+00
4.979161200000000176e-01 6.133437499999999654e-01 1.000000000000000000e+00
3.533523000000000081e-01 7.732433699999999854e-01 1.000000000000000000e+00
-3.472257499999999997e-01 7.017785600000000512e-01 1.000000000000000000e+00
5.838046799999999648e-01 7.635753899999999650e-01 1.000000000000000000e+00
-1.372776400000000063e-01 7.124635099999999666e-01 1.000000000000000000e+00
3.882726799999999812e-01 4.497712300000000218e-01 1.000000000000000000e+00
-5.317270899999999578e-01 6.193429299999999582e-01 1.000000000000000000e+00
-1.168462400000000040e-01 8.785121000000000180e-01 1.000000000000000000e+00
5.433586400000000038e-01 4.117486499999999938e-01 1.000000000000000000e+00
-4.539930200000000249e-01 6.651298799999999511e-01 1.000000000000000000e+00
-2.191319999999999935e-01 8.348494699999999824e-01 1.000000000000000000e+00
3.048574199999999901e-01 9.802876000000000367e-01 1.000000000000000000e+00
6.567679800000000290e-01 7.576601699999999662e-01 1.000000000000000000e+00
6.142044700000000024e-01 7.503901899999999570e-01 1.000000000000000000e+00
-4.580996399999999746e-01 7.796860599999999586e-01 1.000000000000000000e+00
-2.161746499999999960e-01 8.862630500000000522e-01 1.000000000000000000e+00
-2.601610799999999890e-01 8.100859099999999646e-01 1.000000000000000000e+00
3.188453099999999929e-01 8.451772499999999910e-01 1.000000000000000000e+00
-2.372741499999999892e-01 8.017878400000000294e-01 1.000000000000000000e+00
5.831032299999999724e-01 7.770980600000000349e-01 1.000000000000000000e+00
2.841337000000000029e-02 7.579261999999999944e-01 1.000000000000000000e+00
-4.184013599999999999e-01 6.804143999999999748e-01 1.000000000000000000e+00
6.741287999999999725e-01 6.024546100000000015e-01 1.000000000000000000e+00
-2.527828100000000244e-01 7.052610299999999555e-01 1.000000000000000000e+00
5.160984299999999969e-01 6.209238999999999731e-01 1.000000000000000000e+00
2.039229399999999970e-01 9.164148199999999633e-01 1.000000000000000000e+00
-1.720712399999999864e-01 1.008840959999999898e+00 1.000000000000000000e+00
2.727450699999999784e-01 2.934697700000000187e-01 1.000000000000000000e+00
7.634797999999999585e-02 5.622220399999999785e-01 1.000000000000000000e+00
-3.665349900000000050e-01 6.483100699999999605e-01 1.000000000000000000e+00
4.429067300000000262e-01 8.008772100000000060e-01 1.000000000000000000e+00
-1.997638499999999928e-01 5.429516199999999682e-01 1.000000000000000000e+00
-5.407573799999999542e-01 6.529303300000000032e-01 1.000000000000000000e+00
-7.060265999999999764e-02 1.002969119999999936e+00 1.000000000000000000e+00
5.071505400000000385e-01 3.504575799999999908e-01 1.000000000000000000e+00
-6.048611000000000265e-02 6.298271300000000128e-01 1.000000000000000000e+00
2.153292800000000118e-01 6.026024899999999906e-01 1.000000000000000000e+00
4.680910799999999927e-01 8.718241599999999591e-01 1.000000000000000000e+00
-2.988851100000000094e-01 7.366986599999999497e-01 1.000000000000000000e+00
8.612961999999999563e-01 4.728933000000000164e-01 1.000000000000000000e+00
7.012087700000000368e-01 7.457289299999999566e-01 1.000000000000000000e+00
-1.134279700000000030e-01 6.006709900000000157e-01 1.000000000000000000e+00
3.123435399999999751e-01 9.075634500000000493e-01 1.000000000000000000e+00
-1.217254100000000061e-01 8.411285099999999959e-01 1.000000000000000000e+00
3.686785699999999832e-01 3.705258599999999847e-01 1.000000000000000000e+00
5.731148900000000435e-01 4.094974000000000114e-01 1.000000000000000000e+00
-2.584122500000000100e-01 6.719233500000000303e-01 1.000000000000000000e+00
3.093718599999999985e-01 5.082331799999999511e-01 1.000000000000000000e+00
4.331933800000000168e-01 7.701696700000000284e-01 1.000000000000000000e+00
-3.044803500000000107e-01 5.782010600000000444e-01 1.000000000000000000e+00
4.427633799999999842e-01 5.802340299999999562e-01 1.000000000000000000e+00
-1.944205699999999870e-01 8.987680799999999692e-01 1.000000000000000000e+00
-6.105237000000000164e-02 7.418494599999999606e-01 1.000000000000000000e+00
7.619346999999999925e-02 3.538624599999999898e-01 1.000000000000000000e+00
8.582699299999999587e-01 9.581952299999999534e-01 1.000000000000000000e+00
3.703919999999999990e-01 7.234240100000000062e-01 1.000000000000000000e+00
5.148151499999999992e-01 7.620399599999999607e-01 1.000000000000000000e+00
4.312752100000000199e-01 5.425916600000000312e-01 1.000000000000000000e+00
4.228609099999999787e-01 6.524218499999999699e-01 1.000000000000000000e+00
2.981500100000000208e-01 9.345368200000000458e-01 1.000000000000000000e+00
3.712825299999999995e-01 7.008918100000000040e-01 1.000000000000000000e+00
-5.152872899999999534e-01 7.647348999999999952e-01 1.000000000000000000e+00
3.852578300000000233e-01 6.552818900000000335e-01 1.000000000000000000e+00
-3.482536800000000099e-01 5.052998100000000159e-01 1.000000000000000000e+00
6.851050400000000540e-01 7.806743999999999906e-01 1.000000000000000000e+00
-3.652892300000000203e-01 4.570326499999999847e-01 1.000000000000000000e+00
-4.090357700000000207e-01 7.423043299999999567e-01 1.000000000000000000e+00
4.357438699999999776e-01 4.468978900000000198e-01 1.000000000000000000e+00
2.688784599999999858e-01 4.455922999999999967e-01 1.000000000000000000e+00
-4.925486199999999926e-01 1.014433719999999983e+00 1.000000000000000000e+00
7.615959999999999397e-02 6.379517999999999578e-01 1.000000000000000000e+00
4.922622400000000176e-01 4.687624100000000182e-01 1.000000000000000000e+00
-4.024964100000000267e-01 7.130108400000000346e-01 1.000000000000000000e+00
